652
1270
159 158 337 -100-0
279 159 28 -100-1
163 279 624 -100-2
289 161 313 -103-0
169 289 582 -103-1
590 213 657 -104-0
592 590 111 -104-1
594 592 20 -104-2
633 594 334 -104-3
212 170 255 -108
181 214 179 -109-0
35 181 68 -109-1
178 35 143 -109-2
217 220 31 -110-0
180 217 80 -110-1
232 609 32 -111-0
362 232 44 -111-1
231 362 46 -111-2
617 210 312 -112-0
605 617 6 -112-1
599 605 3 -112-2
36 599 56 -112-3
226 181 129 -113-0
227 226 19 -113-1
183 182 47 -114-0
215 183 102 -114-1
179 183 67 -115
222 221 67 -116-0
184 222 71 -116-1
184 37 181 -117-0
5 184 129 -117-1
186 185 417 -119
187 20 341 -120-0
16 187 211 -120-1
637 187 101 -121-0
636 637 17 -121-1
185 636 198 -121-2
3 367 94 -122-0
188 3 155 -122-1
199 189 117 -123
402 503 20 -124
423 422 137 -125-0
420 423 7 -125-1
204 190 252 -127
13 19 452 -13-0
26 13 180 -13-1
17 14 364 -13-10
18 17 350 -13-11
144 26 159 -13-2
27 144 177 -13-3
16 27 302 -13-4
20 16 248 -13-5
186 20 69 -13-6
15 186 135 -13-7
641 15 141 -13-8
14 641 258 -13-9
529 191 7 -130-0
192 529 244 -130-1
194 193 112 -132
198 639 2545 -143
320 321 28 -145-0
205 320 129 -145-1
207 205 148 -145-2
205 206 641 -146-0
206 205 162 -146-1
97 96 81 -158
363 212 80 -160-0
214 363 7 -160-1
220 179 55 -196-0
221 220 41 -196-1
223 221 51 -196-2
178 223 17 -196-3
179 178 42 -196-4
237 239 37 -199
235 240 48 -201
224 225 60 -202-0
223 224 76 -202-1
218 219 51 -203-0
217 218 88 -203-1
618 226 105 -204-0
361 618 46 -204-1
231 361 31 -204-2
233 231 37 -204-3
144 143 60 -205-0
516 144 77 -205-1
181 228 218 -206
359 224 75 -209-0
358 359 15 -209-1
360 358 64 -209-2
222 360 55 -209-3
218 222 62 -209-4
216 218 33 -209-5
240 242 165 -210-0
239 240 46 -210-1
241 239 167 -210-2
246 244 57 -233-0
119 246 107 -233-1
247 119 166 -233-2
121 120 209 -234-0
122 121 12 -234-1
245 122 127 -234-2
248 245 103 -234-3
249 110 106 -257-0
208 249 584 -257-1
61 111 153 -262
374 263 7 -282-0
270 374 52 -282-1
54 52 6 -29-0
62 54 136 -29-1
58 62 138 -29-2
69 58 38 -29-3
50 69 140 -29-4
67 50 142 -29-5
26 141 75 -290-0
514 26 120 -290-1
276 514 7 -290-2
159 277 35 -293-0
148 159 83 -293-1
279 277 33 -294-0
278 279 72 -294-1
62 43 164 -30-0
63 62 279 -30-1
535 63 9 -30-2
164 291 134 -312-0
166 164 66 -312-1
286 166 121 -312-2
285 286 15 -312-3
162 285 133 -312-4
161 162 112 -312-5
160 161 41 -312-6
277 283 55 -314
247 635 243 -32-0
68 247 500 -32-1
513 68 7 -32-2
50 607 164 -33
296 294 89 -331
338 132 61 -332-0
336 338 68 -332-1
299 336 108 -332-2
73 75 104 -36
71 42 129 -38-0
72 71 399 -38-1
365 71 303 -39-0
77 365 163 -39-1
123 314 221 -395
80 7 100 -41-0
78 80 100 -41-1
78 315 58 -42-0
79 78 45 -42-1
75 79 104 -42-2
80 79 55 -43
83 81 69 -44-0
82 83 73 -44-1
85 83 107 -45-0
84 85 68 -45-1
86 85 217 -46
316 317 136 -470
317 206 44 -471-0
319 317 47 -471-1
319 318 117 -472-0
320 319 176 -472-1
89 92 45 -49-0
23 89 36 -49-1
59 322 121 -491-0
57 59 20 -491-1
60 57 115 -491-2
67 60 14 -491-3
124 67 237 -491-4
53 124 80 -491-5
515 53 9 -491-6
548 14 138 -494
651 0 252 -5
91 89 29 -50-0
90 91 53 -50-1
91 88 81 -51
358 357 47 -521
360 359 79 -522
362 361 67 -523
621 232 26 -524-0
625 621 116 -524-1
363 625 11 -524-2
96 74 129 -53
365 366 60 -530-0
431 365 93 -530-1
94 95 205 -54-0
97 94 136 -54-1
211 97 77 -54-2
24 211 38 -54-3
16 538 79 -542
98 94 194 -55-0
99 98 44 -55-1
100 99 143 -57
422 402 214 -571-0
403 422 216 -571-1
84 409 117 -578-0
81 84 80 -578-1
75 81 35 -578-2
35 411 196 -579-0
225 35 113 -579-1
614 225 18 -579-2
100 101 658 -58-0
211 100 262 -58-1
93 211 108 -58-2
95 93 1011 -58-3
102 95 416 -58-4
190 415 134 -580-0
425 190 133 -580-1
411 425 7 -580-2
105 103 570 -59
3 439 51 -597
10 11 18 -6-0
73 10 139 -6-1
7 73 161 -6-2
8 7 199 -6-3
454 8 7 -6-4
6 454 103 -6-5
107 90 15 -60-0
106 107 164 -60-1
107 104 163 -61
544 40 172 -62-0
108 544 7 -62-1
504 108 559 -62-2
146 465 19 -620-0
147 146 136 -620-1
250 208 625 -63-0
355 250 74 -63-1
109 111 920 -63-10
293 355 23 -63-2
353 293 36 -63-3
351 353 88 -63-4
349 351 89 -63-5
259 349 8 -63-6
110 259 43 -63-7
254 110 149 -63-8
111 254 155 -63-9
475 471 111 -632
472 473 104 -633
477 475 13 -634-0
472 477 3 -634-1
473 472 134 -634-2
471 473 23 -634-3
474 471 29 -634-4
478 482 69 -636-0
476 478 7 -636-1
477 476 18 -636-2
474 15 211 -640-0
482 474 165 -640-1
481 482 39 -640-2
17 498 31 -644
198 496 255 -650-0
580 198 50 -650-1
379 580 8 -650-2+545-0
115 209 417 -67-0
117 115 90 -67-1
114 117 72 -67-2
112 114 401 -67-3
114 113 187 -68
55 551 527 -698-0
436 55 7 -698-1
117 116 256 -70
381 560 6897 -709-0
561 381 11 -709-1
562 561 7 -709-2
559 562 11 -709-3
560 559 9588 -709-4
116 115 54 -71-0
118 116 41 -71-1
243 118 56 -71-2
314 119 56 -72-0
120 314 156 -72-1
123 122 232 -73-0
120 123 61 -73-1
121 245 209 -74
580 495 2638 -742
591 590 114 -748
593 592 123 -749
595 594 62 -750
598 34 20 -755
600 599 20 -756
125 124 129 -76-0
126 125 90 -76-1
129 126 45 -76-2
36 614 9 -768-0
34 36 40 -768-1
602 34 53 -768-2
610 602 15 -768-3
37 610 38 -768-4
491 37 271 -768-5
32 491 7 -768-6
151 32 107 -768-7
33 151 211 -768-8
615 227 23 -769
521 70 7 -78-0
299 521 104 -78-1
616 325 59 -78-10
334 299 89 -78-2
324 334 39 -78-3
128 324 29 -78-4
348 128 99 -78-5
135 348 63 -78-6
295 135 30 -78-7
129 295 150 -78-8
325 129 54 -78-9
622 621 22 -783-0
623 622 6 -783-1
624 622 15 -784
130 64 103 -79-0
133 130 27 -79-1
128 133 158 -79-2
130 298 24 -80-0
339 130 41 -80-1
131 339 19 -80-2
132 131 31 -80-3
333 132 12 -80-4
340 333 19 -80-5
133 340 42 -80-6
298 133 12 -81-0
345 298 46 -81-1
343 345 14 -81-2
344 343 32 -81-3
297 344 31 -81-4
134 297 6 -81-5
332 134 28 -81-6
294 332 3 -81-7
125 294 142 -81-8
296 276 43 -82-0
297 296 85 -82-1
170 628 306 -820
634 633 27 -822
631 634 15 -823-0
630 631 4 -823-1
629 630 10 -823-2
170 629 257 -823-3
485 636 50 -825
638 637 15 -826
135 134 96 -83
140 27 107 -85
141 142 44 -86-0
640 141 298 -86-1
140 640 70 -86-2
143 140 105 -86-3
142 143 62 -86-4
646 640 187 -87-0
13 646 223 -87-1
148 147 112 -92-0
278 148 27 -92-1
149 278 238 -92-2
151 150 244 -93-0
155 151 49 -93-1
154 155 131 -93-2
152 154 77 -93-3
153 152 96 -93-4
155 154 347 -96
156 649 63 -98-0
152 156 143 -98-1
157 156 160 -99
158 159 337 100-0
159 279 28 100-1
279 163 624 100-2
164 165 68 101
166 167 70 102
161 289 313 103-0
289 169 582 103-1
213 590 657 104-0
590 592 111 104-1
592 594 20 104-2
594 633 334 104-3
171 629 71 105
172 596 29 106-0
596 173 136 106-1
176 177 136 107
170 212 255 108
214 181 179 109-0
181 35 68 109-1
35 178 143 109-2
200 398 11 11-0
398 23 67 11-1
23 92 32 11-2
92 103 107 11-3
103 11 309 11-4
11 24 99 11-5
24 441 268 11-6
220 217 31 110-0
217 180 80 110-1
609 232 32 111-0
232 362 44 111-1
362 231 46 111-2
210 617 312 112-0
617 605 6 112-1
605 599 3 112-2
599 36 56 112-3
181 226 129 113-0
226 227 19 113-1
182 183 47 114-0
183 215 102 114-1
183 179 67 115
221 222 67 116-0
222 184 71 116-1
37 184 181 117-0
184 5 129 117-1
184 486 241 118
185 186 417 119
499 455 9 12-0
455 456 45 12-1
456 500 287 12-2
20 187 341 120-0
187 16 211 120-1
187 637 101 121-0
637 636 17 121-1
636 185 198 121-2
367 3 94 122-0
3 188 155 122-1
189 199 117 123
503 402 20 124
422 423 137 125-0
423 420 7 125-1
416 650 531 126
190 204 252 127
457 470 21 128
464 446 25 129
19 13 452 13-0
13 26 180 13-1
14 17 364 13-10
17 18 350 13-11
26 144 159 13-2
144 27 177 13-3
27 16 302 13-4
16 20 248 13-5
20 186 69 13-6
186 15 135 13-7
15 641 141 13-8
641 14 258 13-9
191 529 7 130-0
529 192 244 130-1
447 539 250 131
193 194 112 132
195 196 347 133
12 399 229 137-0
399 400 73 137-1
200 400 26 138
201 202 74 139
203 199 227 140-0
199 399 228 140-1
429 416 67 141
28 380 101 142
639 198 2545 143
380 562 31 144-0
562 30 13 144-1
30 564 16 144-2
321 320 28 145-0
320 205 129 145-1
205 207 148 145-2
206 205 641 146-0
205 206 162 146-1
96 97 81 158
212 363 80 160-0
363 214 7 160-1
177 230 153 162
409 500 9 18
179 220 55 196-0
220 221 41 196-1
221 223 51 196-2
223 178 17 196-3
178 179 42 196-4
238 175 25 197
230 229 25 198
239 237 37 199
461 38 9 2-0
38 411 290 2-1
411 648 256 2-2
648 421 17 2-3
421 420 214 2-4
420 45 240 2-5
45 46 18 2-6
229 630 6 200
240 235 48 201
225 224 60 202-0
224 223 76 202-1
219 218 51 203-0
218 217 88 203-1
226 618 105 204-0
618 361 46 204-1
361 231 31 204-2
231 233 37 204-3
143 144 60 205-0
144 516 77 205-1
228 181 218 206
175 176 40 207-0
176 174 35 207-1
236 234 122 208
224 359 75 209-0
359 358 15 209-1
358 360 64 209-2
360 222 55 209-3
222 218 62 209-4
218 216 33 209-5
242 240 165 210-0
240 239 46 210-1
239 241 167 210-2
244 246 57 233-0
246 119 107 233-1
119 247 166 233-2
120 121 209 234-0
121 122 12 234-1
122 245 127 234-2
245 248 103 234-3
443 440 8 25
110 249 106 257-0
249 208 584 257-1
252 255 131 258
257 251 13 259-0
251 253 35 259-1
251 254 147 260
258 259 88 261
111 61 153 262
293 354 139 263-0
354 352 90 263-1
352 350 87 263-2
350 249 51 263-3
249 260 82 263-4
547 545 37 27-0
545 419 159 27-1
419 418 20 27-2
418 452 29 27-3
265 267 43 277-0
267 266 60 277-1
267 272 21 278-0
272 268 43 278-1
268 262 116 278-2
262 261 98 278-3
268 273 75 279
272 275 106 280
266 269 58 281-0
269 270 36 281-1
270 266 25 281-2
263 374 7 282-0
374 270 52 282-1
269 261 30 283-0
261 274 84 283-1
271 274 63 284-0
274 264 111 284-1
264 4 114 284-2
264 262 101 285
52 54 6 29-0
54 62 136 29-1
62 58 138 29-2
58 69 38 29-3
69 50 140 29-4
50 67 142 29-5
141 26 75 290-0
26 514 120 290-1
514 276 7 290-2
285 283 61 292
277 159 35 293-0
159 148 83 293-1
277 279 33 294-0
279 278 72 294-1
168 165 92 296-0
165 167 68 296-1
167 162 182 296-2
441 41 16 3-0
41 438 700 3-1
43 62 164 30-0
62 63 279 30-1
63 535 9 30-2
291 164 134 312-0
164 166 66 312-1
166 286 121 312-2
286 285 15 312-3
285 162 133 312-4
162 161 112 312-5
161 160 41 312-6
280 282 101 313
283 277 55 314
283 286 64 315
287 288 61 316-0
288 289 142 316-1
281 280 50 317
290 288 91 318-0
288 287 87 318-1
287 284 167 318-2
635 247 243 32-0
247 68 500 32-1
68 513 7 32-2
607 50 164 33
294 296 89 331
132 338 61 332-0
338 336 68 332-1
336 299 108 332-2
449 541 23 34
75 73 104 36
42 71 129 38-0
71 72 399 38-1
311 309 72 383-0
309 302 31 383-1
302 301 162 383-2
301 312 136 383-3
312 305 87 383-4
305 306 33 383-5
306 307 67 383-6
302 308 132 384
309 313 77 385-0
313 303 19 385-1
306 300 345 386-0
300 313 88 386-1
300 301 181 387
312 310 38 388
305 304 59 389
71 365 303 39-0
365 77 163 39-1
314 123 221 395
484 511 7 4
7 80 100 41-0
80 78 100 41-1
446 501 35 410
315 78 58 42-0
78 79 45 42-1
79 75 104 42-2
79 80 55 43
81 83 69 44-0
83 82 73 44-1
83 85 107 45-0
85 84 68 45-1
85 86 217 46
317 316 136 470
206 317 44 471-0
317 319 47 471-1
318 319 117 472-0
319 320 176 472-1
87 88 94 48
92 89 45 49-0
89 23 36 49-1
322 59 121 491-0
59 57 20 491-1
57 60 115 491-2
60 67 14 491-3
67 124 237 491-4
124 53 80 491-5
53 515 9 491-6
322 542 84 492-0
542 323 7 492-1
323 49 544 492-2
14 548 138 494
250 324 282 495
255 325 15 498
125 327 100 499-0
327 326 65 499-1
0 651 252 5
89 91 29 50-0
91 90 53 50-1
327 328 60 500-0
328 329 18 500-1
329 292 72 500-2
329 60 174 501
328 330 15 502-0
330 331 14 502-1
330 329 18 503
294 332 3 504-0
332 295 97 504-1
333 337 57 505-0
337 335 62 505-1
335 334 76 505-2
335 336 62 506
337 338 34 507
339 340 28 508
341 131 53 509
88 91 81 51
342 346 96 510-0
346 343 17 510-1
344 347 34 511-0
347 345 28 511-1
344 346 34 512
343 347 15 513
347 348 105 514
349 350 105 515
351 352 104 516
353 354 102 517
355 356 202 518
76 93 184 52
357 358 47 521
359 360 79 522
361 362 67 523
232 621 26 524-0
621 625 116 524-1
625 363 11 524-2
74 96 129 53
366 365 60 530-0
365 431 93 530-1
368 41 555 532-0
41 432 7 532-1
432 445 33 532-2
369 370 257 538
372 373 337 539-0
373 405 21 539-1
405 558 7 539-2
95 94 205 54-0
94 97 136 54-1
97 211 77 54-2
211 24 38 54-3
548 437 11 540-0
437 550 32 540-1
389 526 610 541
538 16 79 542
538 537 11 543
378 580 61 544-0
580 379 12 544-1+650-2
580 28 62 545-1
377 378 100 546
380 559 34 547-0
559 507 19 547-1
567 381 19 548-0
381 563 12 548-1
382 383 38 549
94 98 194 55-0
98 99 44 55-1
384 385 41 550
386 387 48 551
25 467 46 552
389 390 25 553
430 209 404 554-0
209 390 204 554-1
390 243 288 555-0
243 375 270 555-1
375 391 10 555-2
391 467 35 556
391 392 20 557
392 536 670 558-0
536 538 13 558-1
392 466 10 559
96 98 31 56
393 54 131 564-0
54 434 308 564-1
434 443 41 564-2
49 61 483 565-0
61 543 62 565-1
543 322 88 565-2
396 394 809 566
29 398 482 567-0
398 410 19 567-1
400 189 199 568-0
189 397 211 568-1
401 203 72 569-0
203 650 33 569-1
650 196 164 569-2
196 402 135 569-3
99 100 143 57
402 427 139 570
402 422 214 571-0
422 403 216 571-1
403 429 109 572
373 407 28 573
371 408 26 574
497 404 564 575-0
404 405 8 575-1
405 407 20 575-2
407 406 542 575-3
406 484 7 575-4
410 39 10 576-0
39 192 135 576-1
192 532 108 576-2
410 409 238 577
409 84 117 578-0
84 81 80 578-1
81 75 35 578-2
411 35 196 579-0
35 225 113 579-1
225 614 18 579-2
101 100 658 58-0
100 211 262 58-1
211 93 108 58-2
93 95 1011 58-3
95 102 416 58-4
415 190 134 580-0
190 425 133 580-1
425 411 7 580-2
414 413 38 581-0
413 534 41 581-1
415 413 6 582-0
413 530 220 582-1
530 501 29 582-2
409 509 341 583
416 396 308 584
464 200 295 585
418 66 36 586-0
66 451 33 586-1
451 43 106 586-2
43 393 141 586-3
419 40 142 587-0
40 59 141 587-1
59 555 999 587-2
46 427 18 588
427 45 6 589-0
45 505 1784 589-1
103 105 570 59
427 423 239 590-0
423 424 214 590-1
424 428 17 590-2
428 425 256 591-0
425 426 288 591-1
426 461 9 591-2
428 648 8 592-0
648 228 179 592-1
228 609 182 592-2
609 210 195 592-3
210 490 374 592-4
490 502 8 592-5
429 464 50 593
439 433 8 595-0
433 431 331 595-1
431 444 325 595-2
444 445 40 596
439 3 51 597
434 435 27 598
438 56 178 599
11 10 18 6-0
10 73 139 6-1
73 7 161 6-2
7 8 199 6-3
8 454 7 6-4
454 6 103 6-5
90 107 15 60-0
107 106 164 60-1
438 439 11 600
439 454 258 601-0
454 499 79 601-1
440 207 192 602-0
207 52 150 602-1
52 442 82 602-2
441 448 544 603
443 436 265 604-0
436 498 156 604-1
444 432 34 605-0
432 441 17 605-1
445 42 237 606-0
42 10 102 606-1
10 86 395 606-2
86 410 105 606-3
446 533 29 607
447 415 41 608
449 535 153 609-0
535 443 153 609-1
104 107 163 61
453 452 40 610
450 451 42 611
452 69 147 612-0
69 51 277 612-1
51 449 21 612-2
453 418 32 613
470 539 39 614
541 51 41 615-0
51 53 287 615-1
248 537 210 615-10
53 276 161 615-2
276 342 68 615-3
342 64 83 615-4
64 519 58 615-5
519 518 49 615-6
518 517 7 615-7
517 68 112 615-8
68 248 138 615-9
31 456 35 616
457 458 155 617-0
458 479 15 617-1
479 459 106 617-2
459 461 25 617-3
461 480 26 617-4
480 485 388 617-5
485 460 166 617-6
463 468 74 618
469 150 77 619-0
150 9 89 619-1
9 492 6 619-2
492 5 137 619-3
5 180 154 619-4
180 38 122 619-5
38 426 9 619-6
426 470 280 619-7
40 544 172 62-0
544 108 7 62-1
108 504 559 62-2
465 146 19 620-0
146 147 136 620-1
464 416 20 621
460 538 208 622
465 392 212 623
466 387 40 624-0
387 244 225 624-1
244 635 291 624-2
635 557 161 624-3
466 375 19 625-0
375 384 549 625-1
384 506 22 625-2
25 391 34 626
467 146 171 627-0
146 468 8 627-1
468 160 302 628-0
160 47 342 628-1
47 489 7 628-2
489 44 40 628-3
468 462 19 629-0
462 469 528 629-1
208 250 625 63-0
250 355 74 63-1
111 109 920 63-10
355 293 23 63-2
293 353 36 63-3
353 351 88 63-4
351 349 89 63-5
349 259 8 63-6
259 110 43 63-7
110 254 149 63-8
254 111 155 63-9
469 460 9 630
470 415 254 631
471 475 111 632
473 472 104 633
475 477 13 634-0
477 472 3 634-1
472 473 134 634-2
473 471 23 634-3
471 474 29 634-4
458 476 27 635
482 478 69 636-0
478 476 7 636-1
476 477 18 636-2
478 479 22 637
481 480 66 638
459 481 30 639
110 253 68 64-0
253 258 23 64-1
258 257 21 64-2
257 252 13 64-3
15 474 211 640-0
474 482 165 640-1
482 481 39 640-2
552 484 371 643
498 17 31 644
498 510 8 645
511 406 6 646-0
406 483 376 646-1
484 553 327 647
488 44 37 648
493 494 45 649
111 256 149 65
496 198 255 650-0
198 580 50 650-1
498 548 333 652
499 457 316 653
500 412 8 654-0
412 39 237 654-1
39 200 19 654-2
500 191 141 655-0
191 447 137 655-1
501 464 24 656
501 531 33 657-0
531 204 107 657-1
204 428 138 657-2
502 494 54 658-0
494 649 171 658-1
649 153 143 658-2
153 462 256 658-3
462 465 8 658-4
502 47 20 659-0
47 487 555 659-1
503 29 454 660-0
29 566 29 660-1
506 385 34 661-0
385 527 882 661-1
505 149 1043 662-0
149 382 166 662-1
382 564 29 662-2
506 376 16 663-0
376 561 14 663-1
561 563 10 663-2
507 508 1217 664
508 46 1811 665-0
46 503 137 665-1
488 489 39 666-0
489 490 20 666-1
490 491 469 666-2
491 492 261 666-3
492 485 10 666-4
44 237 237 667-0
237 235 46 667-1
235 171 434 667-2
171 632 14 667-3
632 421 168 667-4
421 424 8 667-5
424 403 136 667-6
534 529 137 668-0
529 412 141 668-1
412 409 8 668-2
509 499 7 669
209 115 417 67-0
115 117 90 67-1
117 114 72 67-2
114 112 401 67-3
509 8 81 670-0
8 72 102 670-1
72 433 159 670-2
433 438 7 670-3
510 1 7 671-0
1 65 29 671-1
510 511 357 672
511 4 117 673-0
4 558 442 673-1
516 518 9 674-0
518 520 42 674-1
520 521 392 674-2
521 523 152 674-3
523 522 38 674-4
522 555 19 674-5
519 520 54 675
523 524 47 676
525 417 45 677
528 567 923 678
532 533 42 679
113 114 187 68
530 531 41 680
532 446 34 681
533 549 111 682
537 536 8 683-0
536 145 202 683-1
145 469 5 683-2
537 386 646 684-0
386 466 33 684-1
538 513 359 685-0
513 516 112 685-1
516 514 256 685-2
514 515 158 685-3
515 449 305 685-4
539 457 23 686
539 31 254 687-0
31 455 43 687-1
455 509 6 687-2
540 548 9 688
540 510 325 689
246 118 145 69
541 58 277 690-0
58 450 147 690-1
450 66 29 690-2
66 554 18 690-3
543 542 24 691-0
542 544 123 691-1
544 545 139 691-2
545 546 40 691-3
547 108 142 692-0
108 323 123 692-1
323 543 24 692-2
548 439 223 693
56 550 37 694
549 534 105 695-0
534 447 6 695-1
56 437 33 696-0
437 540 8 696-1
550 263 489 697-0
263 371 219 697-1
371 2 22 697-2
2 404 7 697-3
404 388 366 697-4
551 55 527 698-0
55 436 7 698-1
553 65 32 699
440 435 36 7-0
435 63 122 7-1
63 541 133 7-2
116 117 256 70
553 1 28 700-0
1 498 10 700-1
65 55 125 701-0
55 321 253 701-1
321 440 18 701-2
554 419 37 702
555 48 9 703-0
48 417 37 703-1
417 389 115 703-2
555 556 1081 704
557 70 192 705-0
70 517 438 705-1
517 516 8 705-2
557 522 9 706-0
522 524 43 706-1
524 616 673 706-2
616 127 132 706-3
127 57 130 706-4
57 607 142 706-5
607 453 112 706-6
558 2 8 707-0
2 408 17 707-1
408 512 551 707-2
558 374 239 708-0
374 540 523 708-1
560 381 6897 709-0
381 561 11 709-1
561 562 7 709-2
562 559 11 709-3
559 560 9588 709-4
115 116 54 71-0
116 118 41 71-1
118 243 56 71-2
564 383 31 712-0
383 113 337 712-1
113 25 167 712-2
563 377 21 713
564 506 7 714
565 525 1058 715-0
525 48 35 715-1
48 557 19 715-2
567 376 27 716-0
376 30 7 716-1
30 507 25 716-2
197 589 3575 717-0
589 587 2189 717-1
587 569 212 717-2
569 568 6767 717-3
21 582 6771 718-0
582 588 213 718-1
588 22 5757 718-2
570 583 26 719-0
583 584 27 719-1
584 585 131 719-2
585 586 17 719-3
586 581 29 719-4
119 314 56 72-0
314 120 156 72-1
582 584 36 721
585 588 48 722
583 569 7 723
587 586 30 724
122 123 232 73-0
123 120 61 73-1
589 571 94 731
571 572 138 732
576 578 290 733
576 577 372 734-0
577 364 1918 734-1
574 577 121 735
575 576 91 736
573 574 1784 737-0
574 572 335 737-1
572 575 68 737-2
575 579 391 738
245 121 209 74
19 18 21 741-0
18 19 56 741-1
495 580 2638 742
590 591 114 748
592 593 123 749
594 595 62 750
596 597 53 753
34 598 20 755
599 600 20 756
233 601 40 759
124 125 129 76-0
125 126 90 76-1
126 129 45 76-2
602 603 36 760-0
603 604 198 760-1
603 606 66 761-0
606 605 34 761-1
606 608 174 762
610 611 91 765-0
611 612 32 765-1
611 613 22 766
614 36 9 768-0
36 34 40 768-1
34 602 53 768-2
602 610 15 768-3
610 37 38 768-4
37 491 271 768-5
491 32 7 768-6
32 151 107 768-7
151 33 211 768-8
227 615 23 769
126 326 52 77-0
326 292 106 77-1
292 127 95 77-2
615 617 20 770
70 521 7 78-0
521 299 104 78-1
325 616 59 78-10
299 334 89 78-2
334 324 39 78-3
324 128 29 78-4
128 348 99 78-5
348 135 63 78-6
135 295 30 78-7
295 129 150 78-8
129 325 54 78-9
618 619 42 781
619 620 13 782
621 622 22 783-0
622 623 6 783-1
622 624 15 784
624 625 133 785
64 130 103 79-0
130 133 27 79-1
133 128 158 79-2
485 9 9 8-0
9 32 259 8-1
32 157 370 8-2
157 493 51 8-3
493 502 50 8-4
298 130 24 80-0
130 339 41 80-1
339 131 19 80-2
131 132 31 80-3
132 333 12 80-4
333 340 19 80-5
340 133 42 80-6
133 298 12 81-0
298 345 46 81-1
345 343 14 81-2
343 344 32 81-3
344 297 31 81-4
297 134 6 81-5
134 332 28 81-6
332 294 3 81-7
294 125 142 81-8
626 238 504 818
627 488 518 819
276 296 43 82-0
296 297 85 82-1
628 170 306 820
631 632 72 821
633 634 27 822
634 631 15 823-0
631 630 4 823-1
630 629 10 823-2
629 170 257 823-3
636 485 50 825
637 638 15 826
138 643 256 827-0
643 641 85 827-1
642 643 84 828
134 135 96 83
644 645 28 831
137 647 82 833-0
647 646 22 833-1
139 647 32 834
136 137 100 84-0
137 645 319 84-1
645 642 422 84-2
642 138 392 84-3
138 139 824 84-4
139 136 108 84-5
27 140 107 85
142 141 44 86-0
141 640 298 86-1
640 140 70 86-2
140 143 105 86-3
143 142 62 86-4
640 646 187 87-0
646 13 223 87-1
395 12 808 9
460 145 9 91-0
145 33 359 91-1
33 465 170 91-2
147 148 112 92-0
148 278 27 92-1
278 149 238 92-2
150 151 244 93-0
151 155 49 93-1
155 154 131 93-2
154 152 77 93-3
152 153 96 93-4
154 155 347 96
649 156 63 98-0
156 152 143 98-1
156 157 160 99
