375
1041 0
1044 1
1046 2
1074 3
1087 4
1088 5
1089 6
1100 7
1101 8
1106 9
1115 10
1123 11
1165 12
1168 13
1181 14
1186 15
1188 16
1191 17
1193 18
1197 19
1202 20
1206 21
1207 22
1208 23
1215 24
1218 25
1228 26
1241 27
1252 28
1253 29
1256 30
1257 31
1258 32
1261 33
1263 34
1264 35
1267 36
1271 37
1273 38
1275 39
1278 40
1281 41
1284 42
1285 43
1286 44
1287 45
1288 46
1289 47
1290 48
1291 49
1292 50
1307 51
1323 52
1325 53
1331 54
1332 55
1334 56
1335 57
1344 58
1348 59
1349 60
1352 61
1361 62
1363 63
1364 64
1366 65
1367 66
1371 67
1375 68
1379 69
1386 70
1388 71
1391 72
1392 73
1419 74
1426 75
1430 76
1482 77
1592 78
1624 79
1862 80
1866 81
1867 82
1868 83
1870 84
1872 85
1878 86
1879 87
1890 88
1953 89
1964 90
1997 91
2002 92
2024 93
2039 94
2239 95
2251 96
2254 97
2255 98
2256 99
2257 100
2260 101
2262 102
2268 103
2269 104
2272 105
2286 106
2371 107
2389 108
2392 109
2399 110
2425 111
2426 112
2427 113
2428 114
2430 115
2432 116
2433 117
2444 118
2450 119
2460 120
2478 121
2481 122
2484 123
2487 124
2489 125
2600 126
2732 127
2734 128
2736 129
2743 130
2745 131
2784 132
2848 133
3025 134
3079 135
3128 136
3132 137
3138 138
3145 139
3146 140
3147 141
3149 142
3150 143
3156 144
3170 145
3176 146
3177 147
3228 148
3640 149
3650 150
3660 151
3666 152
3678 153
3701 154
3704 155
3705 156
3706 157
3707 158
3715 159
3716 160
3717 161
3718 162
3720 163
3721 164
3722 165
3723 166
3724 167
3725 168
3726 169
3727 170
3728 171
3729 172
3730 173
3733 174
3735 175
3736 176
3737 177
3738 178
3739 179
3740 180
3741 181
3742 182
3743 183
3747 184
3752 185
3777 186
3812 187
3814 188
3825 189
3938 190
4002 191
4014 192
4019 193
4020 194
4021 195
4022 196
4027 197
4028 198
4042 199
4063 200
4073 201
4080 202
4081 203
4082 204
4083 205
4085 206
4086 207
4122 208
4133 209
4134 210
4135 211
4136 212
4147 213
4202 214
4256 215
4261 216
4269 217
4280 218
4286 219
4287 220
4288 221
4289 222
4290 223
4291 224
4292 225
4293 226
4294 227
4303 228
4306 229
4307 230
4334 231
4341 232
4349 233
4366 234
4394 235
4399 236
4430 237
4437 238
4472 239
4473 240
4474 241
4475 242
4476 243
4477 244
4478 245
4508 246
4509 247
4510 248
4511 249
4519 250
4520 251
4521 252
4525 253
4526 254
4527 255
4529 256
4530 257
4569 258
4571 259
4573 260
4587 261
4611 262
4617 263
4619 264
4620 265
4621 266
4622 267
4623 268
4624 269
4625 270
4626 271
4627 272
4666 273
4688 274
4696 275
4724 276
4726 277
4727 278
4730 279
4737 280
4741 281
4749 282
475 283
4750 284
4756 285
4757 286
477 287
4785 288
4792 289
4797 290
4802 291
4803 292
4804 293
4805 294
4807 295
4811 296
4813 297
4814 298
4815 299
4816 300
4817 301
4818 302
4824 303
4825 304
4826 305
4834 306
4835 307
4836 308
4837 309
4838 310
4839 311
4854 312
4880 313
491 314
4996 315
5011 316
5104 317
5165 318
5166 319
5175 320
5177 321
5194 322
5195 323
5196 324
5197 325
5198 326
5199 327
5200 328
5201 329
5214 330
522 331
527 332
538 333
5408 334
5416 335
5427 336
5440 337
5476 338
5478 339
5484 340
5494 341
5495 342
550 343
5505 344
5507 345
552 346
553 347
554 348
556 349
566 350
585 351
681 352
693 353
716 354
717 355
721 356
724 357
748 358
773 359
785 360
802 361
823 362
824 363
870 364
871 365
876 366
891 367
892 368
915 369
937 370
960 371
968 372
978 373
998 374
