375
718
85 62 55 -102#0
86 85 41 -102#1
62 86 111 -102#2
83 84 51 -103#0
82 83 88 -103#1
57 56 60 -104#0
276 57 77 -104#1
87 88 211 -105#0
83 87 62 -105#1
81 83 33 -105#2
92 90 57 -116#0
32 92 107 -116#1
93 32 166 -116#2
34 33 209 -117#0
35 34 12 -117#1
91 35 127 -117#2
94 91 103 -117#3
95 25 106 -128#0
78 95 584 -128#1
9 26 153 -133
190 109 7 -153#0
116 190 52 -153#1
362 54 75 -157#0
274 362 120 -157#1
122 274 7 -157#2
130 128 89 -171
167 45 61 -172#0
165 167 68 -172#1
133 165 108 -172#2
2 0 6 -19#0
10 2 136 -19#1
6 10 138 -19#2
16 6 38 -19#3
373 16 140 -19#4
14 373 142 -19#5
10 370 164 -20#0
11 10 279 -20#1
295 11 9 -20#2
93 314 243 -22#0
15 93 500 -22#1
273 15 7 -22#2
373 283 164 -23
36 148 221 -235
18 369 129 -25#0
19 18 399 -25#1
187 18 303 -26#0
20 187 163 -26#1
23 347 100 -27#0
21 23 100 -27#1
150 149 294 -274
7 152 121 -277#0
5 7 20 -277#1
8 5 115 -277#2
14 8 14 -277#3
37 14 237 -277#4
1 37 80 -277#5
275 1 9 -277#6
302 352 138 -279
23 22 55 -28
96 78 625 -29#0
184 96 74 -29#1
24 26 920 -29#10
127 184 23 -29#2
182 127 36 -29#3
180 182 88 -29#4
178 180 89 -29#5
105 178 8 -29#6
25 105 43 -29#7
100 25 149 -29#8
26 100 155 -29#9
347 350 318 -3#0
348 347 199 -3#1
231 348 7 -3#2
346 231 103 -3#3
187 188 60 -307#0
213 187 93 -307#1
354 298 79 -316
28 79 417 -33#0
30 28 90 -33#1
27 30 474 -33#2
71 204 134 -330#0
208 71 133 -330#1
201 208 7 -330#2
332 220 51 -339
30 29 256 -35
29 28 54 -36#0
31 29 41 -36#1
89 31 56 -36#2
250 246 111 -364
247 248 104 -365
252 250 13 -366#0
247 252 3 -366#1
248 247 134 -366#2
246 248 23 -366#3
249 246 29 -366#4
253 257 69 -368#0
251 253 7 -368#1
252 251 18 -368#2
148 32 56 -37#0
33 148 156 -37#1
249 353 211 -372#0
257 249 165 -372#1
256 257 39 -372#2
355 264 31 -373
36 35 232 -38#0
33 36 61 -38#1
34 91 209 -39
3 305 527 -408#0
217 3 7 -408#1
38 37 129 -41#0
39 38 90 -41#1
42 39 45 -41#2
281 17 7 -43#0
133 281 104 -43#1
287 154 59 -43#10
163 133 89 -43#2
153 163 39 -43#3
41 153 29 -43#4
177 41 99 -43#5
48 177 63 -43#6
129 48 30 -43#7
42 129 150 -43#8
154 42 54 -43#9
367 330 157 -435#0
262 367 271 -435#1
365 262 7 -435#2
60 365 107 -435#3
366 60 211 -435#4
43 12 103 -44#0
46 43 27 -44#1
41 46 158 -44#2
43 132 24 -45#0
168 43 41 -45#1
44 168 19 -45#2
45 44 31 -45#3
162 45 12 -45#4
169 162 19 -45#5
46 169 42 -45#6
132 46 12 -46#0
174 132 46 -46#1
172 174 14 -46#2
173 172 32 -46#3
131 173 31 -46#4
47 131 6 -46#5
161 47 28 -46#6
128 161 3 -46#7
38 128 142 -46#8
259 334 50 -460
336 335 15 -461
130 122 43 -47#0
131 130 85 -47#1
48 47 96 -48
53 363 107 -50
54 55 44 -51#0
337 54 298 -51#1
53 337 70 -51#2
56 53 105 -51#3
55 56 62 -51#4
344 337 187 -52#0
351 344 223 -52#1
60 59 244 -57#0
61 60 354 -57#1
82 85 31 -60#0
63 82 80 -60#1
65 64 47 -61#0
80 65 102 -61#1
62 65 67 -62
87 86 67 -63#0
66 87 71 -63#1
66 367 181 -64#0
343 66 129 -64#1
68 67 417 -66
69 358 341 -67#0
354 69 211 -67#1
335 69 101 -68#0
334 335 17 -68#1
67 334 198 -68#2
332 189 94 -69#0
70 332 155 -69#1
76 71 252 -70
289 72 7 -73#0
73 289 244 -73#1
150 151 28 -77#0
77 150 278 -77#1
351 357 452 -8#0
362 351 180 -8#1
355 352 364 -8#10
356 355 350 -8#11
57 362 159 -8#2
363 57 177 -8#3
354 363 302 -8#4
358 354 248 -8#5
68 358 69 -8#6
353 68 135 -8#7
338 353 141 -8#8
352 338 258 -8#9
238 368 9 1#0
368 201 290 1#1
201 371 746 1#2
62 85 55 102#0
85 86 41 102#1
86 62 111 102#2
84 83 51 103#0
83 82 88 103#1
56 57 60 104#0
57 276 77 104#1
88 87 211 105#0
87 83 62 105#1
83 81 33 105#2
90 92 57 116#0
92 32 107 116#1
32 93 166 116#2
33 34 209 117#0
34 35 12 117#1
35 91 127 117#2
91 94 103 117#3
25 95 106 128#0
95 78 584 128#1
98 101 131 129
103 97 13 130#0
97 99 35 130#1
97 100 147 131
104 105 88 132
26 9 153 133
127 183 139 134#0
183 181 90 134#1
181 179 87 134#2
179 95 51 134#3
95 106 82 134#4
111 113 43 148#0
113 112 60 148#1
113 118 21 149#0
118 114 43 149#1
114 108 116 149#2
108 107 98 149#3
114 119 75 150
118 121 106 151
112 115 58 152#0
115 116 36 152#1
116 112 25 152#2
109 190 7 153#0
190 116 52 153#1
115 107 30 154#0
107 120 84 154#1
117 120 63 155#0
120 110 111 155#1
110 333 114 155#2
110 108 101 156
54 362 75 157#0
362 274 120 157#1
274 122 7 157#2
123 125 101 159
224 221 8 16
124 123 50 160
128 130 89 171
45 167 61 172#0
167 165 68 172#1
165 133 108 172#2
0 2 6 19#0
2 10 136 19#1
10 6 138 19#2
6 16 38 19#3
16 373 140 19#4
373 14 142 19#5
222 219 717 2
370 10 164 20#0
10 11 279 20#1
11 295 9 20#2
314 93 243 22#0
93 15 500 22#1
15 273 7 22#2
145 143 72 223#0
143 136 31 223#1
136 135 162 223#2
135 146 136 223#3
146 139 87 223#4
139 140 33 223#5
140 141 67 223#6
136 142 132 224
143 147 77 225#0
147 137 19 225#1
140 134 345 226#0
134 147 88 226#1
134 135 181 227
146 144 38 228
139 138 59 229
283 373 164 23
148 36 221 235
228 301 23 24
226 267 35 243
369 18 129 25#0
18 19 399 25#1
18 187 303 26#0
187 20 163 26#1
347 23 100 27#0
23 21 100 27#1
149 150 294 274
152 7 121 277#0
7 5 20 277#1
5 8 115 277#2
8 14 14 277#3
14 37 237 277#4
37 1 80 277#5
1 275 9 277#6
352 302 138 279
22 23 55 28
96 153 282 280
101 154 15 283
38 156 100 284#0
156 155 65 284#1
156 157 60 285#0
157 158 18 285#1
158 126 72 285#2
158 8 174 286
157 159 15 287#0
159 160 14 287#1
159 158 18 288
128 161 3 289#0
161 129 97 289#1
78 96 625 29#0
96 184 74 29#1
26 24 920 29#10
184 127 23 29#2
127 182 36 29#3
182 180 88 29#4
180 178 89 29#5
178 105 8 29#6
105 25 43 29#7
25 100 149 29#8
100 26 155 29#9
162 166 57 290#0
166 164 62 290#1
164 163 76 290#2
164 165 62 291
166 167 34 292
168 169 28 293
170 44 53 294
171 175 96 295#0
175 172 17 295#1
173 176 34 296#0
176 174 28 296#1
173 175 34 297
172 176 15 298
176 177 105 299
350 347 318 3#0
347 348 199 3#1
348 231 7 3#2
231 346 103 3#3
25 99 68 30#0
99 104 23 30#1
104 103 21 30#2
103 98 13 30#3
178 179 105 300
180 181 104 301
182 183 102 302
184 185 202 303
188 187 60 307#0
187 213 93 307#1
26 102 149 31
302 218 11 314#0
218 304 32 314#1
195 288 610 315
298 354 79 316
298 297 11 317
192 193 48 318
195 196 25 319
212 79 404 320#0
79 196 204 320#1
196 89 288 321#0
89 191 270 321#1
191 197 10 321#2
197 242 44 322
197 198 20 323
198 296 670 324#0
296 298 13 324#1
198 241 10 325
199 2 131 329#0
2 215 308 329#1
215 224 41 329#2
79 28 417 33#0
28 30 90 33#1
30 27 474 33#2
204 71 134 330#0
71 208 133 330#1
208 201 7 330#2
203 202 38 331#0
202 294 41 331#1
204 202 6 332#0
202 290 220 332#1
290 267 29 332#2
200 270 341 333
239 75 295 334
207 7 283 335#0
7 308 999 335#1
210 208 256 336#0
208 209 288 336#1
209 238 9 336#2
211 239 50 337
220 214 8 338#0
214 213 331 338#1
213 225 315 338#2
220 332 51 339
92 31 145 34
215 216 27 340
219 4 178 341
219 220 11 342
220 231 258 343#0
231 265 79 343#1
221 77 192 344#0
77 0 150 344#1
0 223 82 344#2
224 217 265 345#0
217 264 156 345#1
226 293 29 346
227 204 41 347
228 295 153 348#0
295 224 153 348#1
229 16 135 349#0
16 374 277 349#1
374 228 21 349#2
29 30 256 35
245 299 39 350
301 374 41 351#0
374 1 287 351#1
94 297 210 351#10
1 122 161 351#2
122 171 68 351#3
171 12 83 351#4
12 279 58 351#5
279 278 49 351#6
278 277 7 351#7
277 15 112 351#8
15 94 138 351#9
364 233 35 352
234 235 155 353#0
235 254 15 353#1
254 236 106 353#2
236 238 25 353#3
238 255 26 353#4
255 259 388 353#5
259 237 166 353#6
244 59 77 354#0
59 349 89 354#1
349 263 6 354#2
263 343 137 354#3
343 63 154 354#4
63 368 122 354#5
368 209 9 354#6
209 245 280 354#7
239 205 20 355
237 298 208 356
240 198 212 357
241 193 40 358#0
193 90 225 358#1
90 314 291 358#2
314 310 161 358#3
241 191 19 359#0
191 269 571 359#1
28 29 54 36#0
29 31 41 36#1
31 89 56 36#2
361 197 42 360
243 244 548 361
244 237 9 362
245 204 254 363
246 250 111 364
248 247 104 365
250 252 13 366#0
252 247 3 366#1
247 248 134 366#2
248 246 23 366#3
246 249 29 366#4
235 251 27 367
257 253 69 368#0
253 251 7 368#1
251 252 18 368#2
253 254 22 369
32 148 56 37#0
148 33 156 37#1
256 255 66 370
236 256 30 371
353 249 211 372#0
249 257 165 372#1
257 256 39 372#2
264 355 31 373
264 271 8 374
258 306 327 375
264 302 333 376
265 234 316 377
266 72 141 378#0
72 227 137 378#1
267 239 24 379
35 36 232 38#0
36 33 61 38#1
267 291 33 380#0
291 76 107 380#1
76 210 138 380#2
261 262 538 381#0
262 263 261 381#1
263 259 10 381#2
294 289 137 382#0
289 200 149 382#1
270 265 7 383
270 348 81 384#0
348 19 102 384#1
19 214 159 384#2
214 219 7 384#3
271 331 7 385#0
331 13 29 385#1
271 272 357 386
276 278 9 387#0
278 280 42 387#1
280 281 392 387#2
281 284 152 387#3
284 282 38 387#4
282 308 19 387#5
279 280 54 388
284 285 47 389
91 34 209 39
286 206 45 390
292 293 41 391
290 291 41 392
292 226 34 393
293 303 111 394
297 296 8 395#0
296 58 202 395#1
58 244 5 395#2
297 192 646 396#0
192 241 33 396#1
298 273 359 397#0
273 276 112 397#1
276 274 256 397#2
274 275 158 397#3
275 228 305 397#4
299 234 23 398
299 364 254 399#0
364 232 43 399#1
232 270 6 399#2
221 216 36 4#0
216 11 122 4#1
11 301 133 4#2
300 302 9 400
300 271 325 401
301 6 277 402#0
6 307 194 402#1
302 220 223 403
4 304 37 404
303 294 105 405#0
294 227 6 405#1
4 218 33 406#0
218 300 8 406#1
304 109 489 407#0
109 194 615 407#1
305 3 527 408#0
3 217 7 408#1
306 13 32 409
37 38 129 41#0
38 39 90 41#1
39 42 45 41#2
306 331 28 410#0
331 264 10 410#1
13 3 125 411#0
3 151 253 411#1
151 221 18 411#2
308 372 9 412#0
372 206 37 412#1
206 195 115 412#2
308 309 1081 413
310 17 192 414#0
17 277 438 414#1
277 276 8 414#2
310 282 9 415#0
282 285 43 415#1
285 287 673 415#2
287 40 132 415#3
40 5 130 415#4
5 283 142 415#5
283 230 101 415#6
311 190 239 416#0
190 300 523 416#1
312 286 1058 418#0
286 372 35 418#1
372 310 19 418#2
74 328 5765 419#0
328 315 212 419#1
315 313 6767 419#2
39 155 52 42#0
155 126 106 42#1
126 40 95 42#2
359 323 6771 420#0
323 329 213 420#1
329 360 5757 420#2
316 324 26 421#0
324 325 27 421#1
325 326 131 421#2
326 327 17 421#3
327 322 29 421#4
323 325 36 423
326 329 48 424
324 315 7 425
328 327 30 426
319 320 290 429
17 281 7 43#0
281 133 104 43#1
154 287 59 43#10
133 163 89 43#2
163 153 39 43#3
153 41 29 43#4
41 177 99 43#5
177 48 63 43#6
48 129 30 43#7
129 42 150 43#8
42 154 54 43#9
319 186 2291 430
318 319 91 431
317 318 2187 432
318 321 391 433
357 356 21 434#0
356 357 56 434#1
330 367 157 435#0
367 262 271 435#1
262 365 7 435#2
365 60 107 435#3
60 366 211 435#4
12 43 103 44#0
43 46 27 44#1
46 41 158 44#2
132 43 24 45#0
43 168 41 45#1
168 44 19 45#2
44 45 31 45#3
45 162 12 45#4
162 169 19 45#5
169 46 42 45#6
46 132 12 46#0
132 174 46 46#1
174 172 14 46#2
172 173 32 46#3
173 131 31 46#4
131 47 6 46#5
47 161 28 46#6
161 128 3 46#7
128 38 142 46#8
334 259 50 460
335 336 15 461
51 340 256 462#0
340 338 85 462#1
339 340 84 463
341 342 28 466
50 345 82 468#0
345 344 22 468#1
52 345 32 469
122 130 43 47#0
130 131 85 47#1
47 48 96 48
49 50 100 49#0
50 342 319 49#1
342 339 422 49#2
339 51 392 49#3
51 52 824 49#4
52 49 108 49#5
259 349 9 5#0
349 365 259 5#1
365 268 471 5#2
363 53 107 50
55 54 44 51#0
54 337 298 51#1
337 53 70 51#2
53 56 105 51#3
56 55 62 51#4
337 344 187 52#0
344 351 223 52#1
237 58 9 56#0
58 366 359 56#1
366 240 168 56#2
59 60 244 57#0
60 61 354 57#1
85 82 31 60#0
82 63 80 60#1
64 65 47 61#0
65 80 102 61#1
65 62 67 62
86 87 67 63#0
87 66 71 63#1
367 66 181 64#0
66 343 129 64#1
66 260 241 65
67 68 417 66
358 69 341 67#0
69 354 211 67#1
69 335 101 68#0
335 334 17 68#1
334 67 198 68#2
189 332 94 69#0
332 70 155 69#1
265 232 9 7#0
232 233 45 7#1
233 266 287 7#2
71 76 252 70
234 245 21 71
239 226 25 72
72 289 7 73#0
289 73 244 73#1
227 299 250 74
151 150 28 77#0
150 77 278 77#1
357 351 452 8#0
351 362 180 8#1
352 355 364 8#10
355 356 350 8#11
362 57 159 8#2
57 363 177 8#3
363 354 302 8#4
354 358 248 8#5
358 68 69 8#6
68 353 135 8#7
353 338 141 8#8
338 352 258 8#9
