652
1001 0
1002 1
1014 2
1015 3
1041 4
1058 5
1061 6
1062 7
1063 8
1066 9
1075 10
1078 11
1087 12
1100 13
1196 14
1208 15
1231 16
1232 17
1236 18
1239 19
1263 20
1288 21
1300 22
1323 23
1334 24
1345 25
1367 26
1368 27
1376 28
1432 29
1437 30
1459 31
1461 32
1478 33
1482 34
1490 35
1493 36
1517 37
1518 38
1539 39
1551 40
1575 41
1579 42
1622 43
1623 44
1637 45
1666 46
1671 47
1678 48
1686 49
1691 50
1713 51
1761 52
1764 53
1766 54
1794 55
1809 56
1811 57
1812 58
1823 59
1824 60
1829 61
1838 62
1848 63
1892 64
1895 65
1905 66
1910 67
1915 68
1917 69
1920 70
1922 71
1926 72
1928 73
1930 74
1931 75
1935 76
1939 77
1944 78
1945 79
1946 80
1947 81
1949 82
1950 83
1952 84
1953 85
1954 86
1958 87
1960 88
1965 89
1966 90
1968 91
1969 92
1985 93
1986 94
1988 95
1992 96
1994 97
2000 98
2001 99
2007 100
2019 101
2035 102
2037 103
2043 104
2047 105
2052 106
2056 107
2058 108
2066 109
2069 110
2079 111
2092 112
2099 113
2100 114
2105 115
2106 116
2109 117
2110 118
2111 119
2114 120
2116 121
2117 122
2120 123
2124 124
2126 125
2128 126
2131 127
2134 128
2137 129
2138 130
2139 131
2140 132
2141 133
2142 134
2143 135
2144 136
2145 137
2160 138
2176 139
2178 140
2184 141
2185 142
2187 143
2188 144
2197 145
2201 146
2203 147
2204 148
2205 149
2206 150
2207 151
2209 152
2210 153
2215 154
2219 155
2221 156
2223 157
2224 158
2228 159
2231 160
2232 161
2233 162
2235 163
2237 164
2238 165
2240 166
2241 167
2243 168
2251 169
2253 170
2259 171
2260 172
2261 173
2263 174
2265 175
2266 176
2269 177
2282 178
2283 179
2285 180
2287 181
2290 182
2292 183
2293 184
2297 185
2301 186
2305 187
2312 188
2313 189
2318 190
2322 191
2323 192
2324 193
2325 194
2326 195
2329 196
2356 197
2369 198
2388 199
2394 200
2405 201
2416 202
2417 203
2451 204
2554 205
2555 206
2558 207
2668 208
2705 209
2764 210
2824 211
2859 212
2872 213
2892 214
3211 215
3215 216
3216 217
3217 218
3219 219
3221 220
3227 221
3228 222
3235 223
3244 224
3256 225
3280 226
3282 227
3290 228
3302 229
3307 230
3309 231
3311 232
3316 233
3338 234
3357 235
3359 236
3360 237
3371 238
3376 239
3378 240
3395 241
3396 242
3548 243
3560 244
3593 245
3598 246
3622 247
3641 248
3968 249
3980 250
3983 251
3984 252
3985 253
3986 254
3989 255
3991 256
3997 257
3998 258
4001 259
4015 260
4107 261
4125 262
4128 263
4135 264
4161 265
4162 266
4163 267
4164 268
4166 269
4168 270
4169 271
4181 272
4191 273
4201 274
4233 275
4246 276
4300 277
4316 278
4319 279
4494 280
4497 281
4499 282
4609 283
4623 284
4627 285
4630 286
4643 287
4659 288
4660 289
4673 290
4674 291
4773 292
4905 293
4907 294
4909 295
4916 296
4918 297
4957 298
5021 299
5199 300
5253 301
5302 302
5306 303
5312 304
5319 305
5320 306
5321 307
5323 308
5324 309
5330 310
5344 311
5350 312
5351 313
5402 314
5754 315
6150 316
6151 317
6176 318
6177 319
6190 320
6200 321
6206 322
6233 323
6247 324
6271 325
6274 326
6275 327
6276 328
6277 329
6285 330
6286 331
6287 332
6288 333
6290 334
6291 335
6292 336
6293 337
6294 338
6295 339
6296 340
6297 341
6298 342
6299 343
6300 344
6303 345
6305 346
6306 347
6307 348
6308 349
6309 350
6310 351
6311 352
6312 353
6313 354
6317 355
6322 356
6356 357
6357 358
6358 359
6360 360
6361 361
6363 362
6364 363
6376 364
6430 365
6432 366
6443 367
6452 368
6531 369
6547 370
6557 371
6567 372
6583 373
6592 374
6658 375
6668 376
6670 377
6675 378
6676 379
6677 380
6685 381
6688 382
6694 383
6695 384
6700 385
6701 386
6706 387
6712 388
6713 389
6759 390
6764 391
6765 392
6787 393
6789 394
6790 395
6798 396
6802 397
6818 398
6821 399
6852 400
6853 401
6854 402
6855 403
6911 404
6912 405
6945 406
6951 407
6957 408
6977 409
6983 410
6989 411
6995 412
6996 413
6997 414
6998 415
6999 416
7001 417
7002 418
7003 419
7046 420
7047 421
7048 422
7076 423
7085 424
7094 425
7105 426
7106 427
7107 428
7108 429
7134 430
7145 431
7194 432
7207 433
7261 434
7266 435
7274 436
7285 437
7291 438
7292 439
7293 440
7294 441
7295 442
7296 443
7297 444
7298 445
7300 446
7301 447
7302 448
7312 449
7319 450
7326 451
7327 452
7328 453
7363 454
7370 455
7378 456
7395 457
7423 458
7428 459
7459 460
7466 461
7500 462
7503 463
7505 464
7506 465
7507 466
7508 467
7509 468
7510 469
7511 470
7541 471
7542 472
7543 473
7544 474
7552 475
7553 476
7554 477
7558 478
7559 479
7560 480
7562 481
7563 482
7635 483
7639 484
7641 485
7643 486
7670 487
7697 488
7701 489
7702 490
7721 491
7727 492
7734 493
7741 494
7742 495
7743 496
7782 497
7783 498
7784 499
7785 500
7786 501
7787 502
7788 503
7789 504
7790 505
7838 506
7841 507
7842 508
7843 509
7844 510
7845 511
7846 512
7948 513
7970 514
7978 515
8006 516
8008 517
8009 518
8012 519
8019 520
8023 521
8031 522
8032 523
8038 524
8039 525
8067 526
8068 527
8069 528
8078 529
8083 530
8088 531
8089 532
8090 533
8091 534
8093 535
8097 536
8099 537
8100 538
8101 539
8102 540
8103 541
8105 542
8107 543
8108 544
8110 545
8111 546
8112 547
8113 548
8119 549
8120 550
8121 551
8122 552
8130 553
8131 554
8132 555
8133 556
8134 557
8135 558
8144 559
8182 560
8244 561
8273 562
8333 563
8334 564
8335 565
8336 566
8337 567
8363 568
8479 569
8494 570
8548 571
8553 572
8623 573
8628 574
8690 575
8691 576
8692 577
8700 578
8702 579
8730 580
8752 581
8753 582
8754 583
8755 584
8756 585
8757 586
8758 587
8759 588
8760 589
8823 590
8830 591
8831 592
8838 593
8839 594
8843 595
8864 596
8865 597
8871 598
8872 599
8873 600
8894 601
8896 602
8897 603
8904 604
8908 605
8909 606
891 607
8910 608
893 609
8930 610
8934 611
8935 612
8938 613
8940 614
8949 615
895 616
8950 617
8998 618
8999 619
9000 620
9001 621
9002 622
9003 623
9004 624
9006 625
9178 626
9180 627
9182 628
9204 629
9205 630
9206 631
9207 632
9209 633
9238 634
927 635
9310 636
9318 637
9329 638
9420 639
9431 640
9467 641
9469 642
9475 643
9485 644
9486 645
9496 646
9498 647
960 648
973 649
980 650
995 651
